EAC CENTRAL & NORTHERN CORRIDORS - ROAD DISTANCE MATRIX (km)
================================================================================

Distance Matrix (km):
               Mombasa  Nairobi  Nakuru  Eldoret  Kisumu  Thika  Machakos  Embu  Dar_es_Salaam  Morogoro  Dodoma  Tanga  Arusha  Moshi  Singida  Kampala  Entebbe  Jinja  Mbale  Tororo  Masaka  Kigali  Huye  Bujumbura  Gitega  Ngozi
Mombasa              0      485    1290     1578    1567    988       868  1034            520       851    1106    291     760    605    1236     2075     2063   1956   1870    1806    2180    2434  2492        2568    2425   2462
Nairobi            485        0     160      310     345     45        65   120            880      1392    1242   1098    250    525    1018     1132     1137    997    885     824    1290    1681  1790        1927    1795   1786
Nakuru            1290      160       0      150     331    309       423   346           1794      1670    1462   1404    783    818    1172      886      906    739    586     536    1083    1545  1677        1838    1717   1686
Eldoret           1578      310     150        0     197    595       711   603           2068      1922    1669   1687   1035   1090    1336      400      710    515    306     278     906    1428  1579        1761    1653   1601
Kisumu            1567      345     331      197       0    623       716   677           2001      1823    1532   1642    949   1031    1177      320      576    410    327     180     758    1252  1397        1573    1463   1415
Thika              988       45     309      595     623     90       129    90           1528      1448    1320   1123    595    577    1107     1173     1183   1032    895     843    1344    1753  1867        2008    1877   1865
Machakos           868       65     423      711     716    249         0   249           1400      1324    1217    995    488    453    1033     1256     1259   1121   1006     947    1409    1787  1890        2020    1886   1883
Embu              1034      120     346      603     677     90       249     0           1619      1566    1464   1201    736    698    1261     1232     1251   1084    909     872    1425    1864  1985        2133    2006   1987
Dar_es_Salaam      520      880    1794     2068    2001   1528      1400  1619              0       190     450    350   1054    978    1209     2424     2391   2336   2326    2244    2457    2560  2569        2588    2449   2520
Morogoro           851     1392    1670     1922    1823   1448      1324  1566            190         0     260    562    888    871     380     2186     2145   2117   2150    2061    2187    2232  2228        2233    2096   2175
Dodoma            1106     1242    1462     1669    1532   1320      1217  1464            450       260       0    350   1054    978    1209     1750     1750   1759   1846    1750    1762    1749  1734        1733    1597   1679
Tanga              291     1098    1404     1687    1642   1123       995  1201            350       562     350      0    760    605    1236     2086     2086   2005   1961    1886    2179    2365  2403        2456    2314   2365
Arusha             760      250     783     1035     949    595       488   736           1054       888    1054    760      0    175     430     1356     1356   1285   1276    1192    1448    1674  1736        1821    1679   1708
Moshi              605      525     818     1090    1031    577       453   698            978       871     978    605    175      0     605     1479     1479   1392   1353    1275    1583    1832  1897        1984    1843   1871
Singida           1236     1018    1172     1336    1177   1107      1033  1261           1209       380    1209   1236    430    605       0     1339     1339   1361   1476    1378    1345    1355  1360        1387    1246   1312
Kampala           2075     1132     886      400     320   1173      1256  1232           2424      2186    1750   2086   1356   1479    1339       35       35     80    220     210     130     530  1018         790    1149   1062
Entebbe           2063     1137     906      710     576   1183      1259  1251           2391      2145    1750   2086   1356   1479    1339       35        0    207    498     453     205     773   944        1148    1071    985
Jinja             1956      997     739      515     410   1032      1121  1084           2336      2117    1759   2005   1285   1392    1361       80      207      0    292     150     412     976  1143        1344    1259   1181
Mbale             1870      885     586      306     327    895      1006   909           2326      2150    1846   1961   1276   1353    1476      220      498    292      0      30     703    1267  1433        1631    1542   1469
Tororo            1806      824     536      278     180    843       947   872           2244      2061    1750   1886   1192   1275    1378      210      453    150     30       0     657    1208  1371        1564    1470   1402
Masaka            2180     1290    1083      906     758   1344      1409  1425           2457      2187    1762   2179   1448   1583    1345      130      205    412    703     657       0     575   750         958     892    797
Kigali            2434     1681    1545     1428    1252   1753      1787  1864           2560      2232    1749   2365   1674   1832    1355      530      773    976   1267    1208     575       0   135         320     365    243
Huye              2492     1790    1677     1579    1397   1867      1890  1985           2569      2228    1734   2403   1736   1897    1360     1018      944   1143   1433    1371     750     135     0         213     211     79
Bujumbura         2568     1927    1838     1761    1573   2008      2020  2133           2588      2233    1733   2456   1821   1984    1387      790     1148   1344   1631    1564     958     320   213           0     110    140
Gitega            2425     1795    1717     1653    1463   1877      1886  2006           2449      2096    1597   2314   1679   1843    1246     1149     1071   1259   1542    1470     892     365   211         110       0     70
Ngozi             2462     1786    1686     1601    1415   1865      1883  1987           2520      2175    1679   2365   1708   1871    1312     1062      985   1181   1469    1402     797     243    79         140      70      0

📊 KEY CORRIDOR TRUCKING ROUTES - ROAD DISTANCES
============================================================
📍 Mombasa         → Nairobi        :   485 km
📍 Nairobi         → Kampala        :  1132 km
📍 Kampala         → Kigali         :   530 km
📍 Dar_es_Salaam   → Dodoma         :   450 km
📍 Nairobi         → Arusha         :   250 km
📍 Arusha          → Dodoma         :   430 km
📍 Kampala         → Bujumbura      :   790 km
📍 Kigali          → Bujumbura      :   320 km

📊 CORRIDOR BREAKDOWN:
   🛣️  Northern Corridor: 8 safe cities
   🛣️  Central Corridor: 5 safe cities
   🛣️  Both Corridors: 1 safe cities
   🔴 Conflict Zone Cities (EXCLUDED): 3